Mixture	Olig	InN	Micro	ExN	OPC	NPC	Endo	Astro	Perc	P-value	Correlation	RMSE
HDBR251	0.07843047641249179	0.22725768844871572	0.01511291911453361	0.10825495258445050	0.11577743699122153	0.35887051682188809	0.02624531529999306	0.04387334916302220	0.02617734516368347	0.00000000000000000	0.68239664839311720	0.86962421708342641
HDBR254	0.09302269520432346	0.40541050385202693	0.00819672561064297	0.09975373204333080	0.10044884540226395	0.20685914876134140	0.03682882037038345	0.04305710393192010	0.00642242482376677	0.00000000000000000	0.70492990814065004	0.89568996691215896
HDBR256	0.04351520902020914	0.18753502934021871	0.00000000000000000	0.11493016548893999	0.11245144290846060	0.46632220759729187	0.01866194796569284	0.04969570111562813	0.00688829656355872	0.00000000000000000	0.84819370209994549	0.80772311902444360
HDBR259	0.01434470284947469	0.07889571836613120	0.07226381424014584	0.05808232256633283	0.04645923034568061	0.51477788882647180	0.08439218711640474	0.03791718620646777	0.09286694948289062	0.00000000000000000	0.41361719986436196	0.91050591698603511
HDBR263	0.09251170172486824	0.39281512230687388	0.00864878672983974	0.12769946574997049	0.08562551097870368	0.21427858179429521	0.03701806525453409	0.03715336380163575	0.00424940165927894	0.00000000000000000	0.69445752751968304	0.89829088055995132
HDBR264	0.07414832698302463	0.32459566867047152	0.00652378963363184	0.20518640317176653	0.07469400866821890	0.25714991256710984	0.03228856789217045	0.02399411647996997	0.00141920593363626	0.00000000000000000	0.69413448122246413	0.89426234198861676
HDBR265	0.03053304618487096	0.09714562437014602	0.00000000000000000	0.13537190053929421	0.22693929371825591	0.43576086715260731	0.02248247390846006	0.04599524302997120	0.00577155109639441	0.00000000000000000	0.83462210625451094	0.80791140043453347
HDBR268	0.07954409595534787	0.34787430641073985	0.00473503517571114	0.21049906350988903	0.07959595133018987	0.23003828979628238	0.02809926000618912	0.01748453432777749	0.00212946348787329	0.00000000000000000	0.69210081944928148	0.89769929616984745
HDBR269	0.07859875329215779	0.35329216424187382	0.00646157203521155	0.25485831296399436	0.08944963877219804	0.16767059311029051	0.02820167416460158	0.01899349497600969	0.00247379644366270	0.00000000000000000	0.66663979821725505	0.90844686159191146
HDBR273	0.01994907625080051	0.08741722759685881	0.00000000000000000	0.14307979408366098	0.21140117763109451	0.47078707667034581	0.02120800299971913	0.03874802459151629	0.00740962017600424	0.00000000000000000	0.81834156032096617	0.80488878497930927
HDBR275	0.02316549881185584	0.11910124767963078	0.01251305908105708	0.29480802170572623	0.10590844575199727	0.35777295355478278	0.01314521493644025	0.06985041844333871	0.00373514003517115	0.00000000000000000	0.79206129248450075	0.85114417392113484
HDBR278	0.07867562136685158	0.33412653358430988	0.00335144010197914	0.18074900630996088	0.07340529091956371	0.29351409678711404	0.02901828855765147	0.00536094315240191	0.00179877922016728	0.00000000000000000	0.71924747163581992	0.88296818607314975
HDBR279	0.07576330062793764	0.34234321019602093	0.01262415809019582	0.15808543559141852	0.09348872915902504	0.21376006962829197	0.03511808969426752	0.06413910520558849	0.00467790180725420	0.00000000000000000	0.70025182795824104	0.89839557685446769
HDBR283	0.01712593704213008	0.08682463953657846	0.00502990400454550	0.10726785774296275	0.15528700552297717	0.55206487411474092	0.02189617381265851	0.03891865454721876	0.01558495367618785	0.00000000000000000	0.81261005839293421	0.78880838824795618
HDBR285	0.02860688702624567	0.06953067178147904	0.00746075583028150	0.16480962186107095	0.18544543542460393	0.42986919215632613	0.03280949735606153	0.06426711837194414	0.01720082019198695	0.00000000000000000	0.79490392489134198	0.82116581208205408
HDBR288	0.05095020940285543	0.16220962250526805	0.00317624107694796	0.17812103538566823	0.18510755955523744	0.34819815093612533	0.01241616446087441	0.05915227590178929	0.00066874077523399	0.00000000000000000	0.83928748314793400	0.83550967013995192
HDBR289	0.06210832393519972	0.31479373037205371	0.00479968551987195	0.23365397410286667	0.10561969341554869	0.23877831980186931	0.02182691665449988	0.01595402068159520	0.00246533551649484	0.00000000000000000	0.69652419385927511	0.89428751572969967
HDBR290	0.12146397799144570	0.48100891887031849	0.01025380127443708	0.11233095063352153	0.09993791941817531	0.06416434963998714	0.03389880541059410	0.07363500817592181	0.00330626858559890	0.00000000000000000	0.68690214404135441	0.90922285008689741
HDBR298	0.03814931679287419	0.14003274959534276	0.00199709268125353	0.13058904657596768	0.12369482573684337	0.46042735997207535	0.03675760137290457	0.04923448086303308	0.01911752640970566	0.00000000000000000	0.80300489106985140	0.81634686646413424
HDBR301	0.06766550671517713	0.32776375944168462	0.01209933086023745	0.13872178760919210	0.03778297393660933	0.30756202936617100	0.03281729976357380	0.06810906320114392	0.00747824910621058	0.00000000000000000	0.80844474827321944	0.86410695703199525
HDBR303	0.04376319024268529	0.15445380558229183	0.00329600985209148	0.19173383320071083	0.13732350294621759	0.38851565692725520	0.02230055633515643	0.05861344491359146	0.00000000000000000	0.00000000000000000	0.83414105880715417	0.83120947499576781
HDBR304	0.13477838425643637	0.42764888900191794	0.01217394400122941	0.18197331768929711	0.05488878742338701	0.06773199770471115	0.03667518303328729	0.07820572256713250	0.00592377432260128	0.00000000000000000	0.66187674565494303	0.91559087307549580
HDBR308	0.05288836126492896	0.15665043255003383	0.00567935610829416	0.17017603154613636	0.16503538156544278	0.34469192156152623	0.03138389699868221	0.05663429480325883	0.01686032360169653	0.00000000000000000	0.78660347330234726	0.84691031865602229
HDBR311	0.05534795199118483	0.14026658082371735	0.00000000000000000	0.14085673854111389	0.17150897660966252	0.40828755397094124	0.02421801136690016	0.05583604746469465	0.00367813923178539	0.00000000000000000	0.85108808878848963	0.81724512650933556
HDBR313	0.08100433609347790	0.33422830185120656	0.01008736516858447	0.18016092755574301	0.09213832474067597	0.21827336812632581	0.03248579614457905	0.04848277987705293	0.00313880044235436	0.00000000000000000	0.71250874459704638	0.89605991853764944
HDBR319	0.02999007144535095	0.10922420011197378	0.00259419863070787	0.09380486117197746	0.06471128582551711	0.61432441386378878	0.03087102409884003	0.03293323068772187	0.02154671416412219	0.00000000000000000	0.74656866265152588	0.80228165869827839
HDBR323	0.08511689871998766	0.44395201899091563	0.00233668248180347	0.07278696581277738	0.08543708547484979	0.24283998600450718	0.02304348423850445	0.04260428562733529	0.00188259264931926	0.00000000000000000	0.64820551086763589	0.90151036652867056
HDBR325	0.15439329505907901	0.43812651217135590	0.01430347147475519	0.18153170608889535	0.09699687584570242	0.04082983226445720	0.01562010319191716	0.05819820390383764	0.00000000000000000	0.00000000000000000	0.65574180744826527	0.91685534665856883
HDBR328	0.05398262148739522	0.12649786971178989	0.00729918388610776	0.32168571755847047	0.16846139726877155	0.20653177048655971	0.01790939622255566	0.09456224215532567	0.00306980122302389	0.00000000000000000	0.82912449457231163	0.86985223136477163
HDBR329	0.07350995588114961	0.20881865171905062	0.00059835946227329	0.25930345562367257	0.15207094263782658	0.19872259141232154	0.01243258440087075	0.08691883330254369	0.00762462556029122	0.00000000000000000	0.79869955034851392	0.87905152363707673
HDBR332	0.04365274512277392	0.13687672473698925	0.00720062330507810	0.35350373917611405	0.16448383257129467	0.18972091329695123	0.01705891156733181	0.08454070210992359	0.00296180811354332	0.00000000000000000	0.81901804784757459	0.87430092485450317
HDBR333	0.04276507335190705	0.10378060064741271	0.00577398981800273	0.28218061038333475	0.18274538549126521	0.29256525582878223	0.01627445562824597	0.07020358357511994	0.00371104527592940	0.00000000000000000	0.83654596507982371	0.84869348286778623
HDBR335	0.06733029416083977	0.31995543291292816	0.01189782789559075	0.26721666343856920	0.06101342865033309	0.16605491755909690	0.02978864236089826	0.06939390098253166	0.00734889203921212	0.00000000000000000	0.83113964963178733	0.88395562909718828
HDBR336	0.04060457985240971	0.14205392521566082	0.01391691028526091	0.35473100316726047	0.17343562588544503	0.18350856326774956	0.02151484699960348	0.06781390760417093	0.00242063772243908	0.00000000000000000	0.80699206180315319	0.87725505157132899
HDBR337	0.06946597722064148	0.25224910632583014	0.01319431970383182	0.26844912546009136	0.13931598690363919	0.15673187014942608	0.02265711685298716	0.07483795457358670	0.00309854280996568	0.00000000000000000	0.79619831114081785	0.88840426946247297
HDBR339	0.08011147371196548	0.37527827305963374	0.00665261577152308	0.10267682778111331	0.02656420744448817	0.29836112290625627	0.02650014719228869	0.07765970854707420	0.00619562358565715	0.00000000000000000	0.71007040448927694	0.88529622314466061
HDBR341	0.03044148939080599	0.09399657455571267	0.00000000000000000	0.09562307763288691	0.17325134452696464	0.54896211737176226	0.00833650447047478	0.04938889205139282	0.00000000000000000	0.00000000000000000	0.79720862763152722	0.79477405480912278
HDBR343	0.04497586735428656	0.28390937684360029	0.00094006584915507	0.22293415374357328	0.05377518322308762	0.31396277371089143	0.01960147350117902	0.05151799059836464	0.00838311517586199	0.00000000000000000	0.76190735208929672	0.87136066456299743
HDBR345	0.05134133667425905	0.34933693199505367	0.00483628934988712	0.19409089036103189	0.02107397163638294	0.28313218059118195	0.02290810133345343	0.06048413393330497	0.01279616412544498	0.00000000000000000	0.79425283242792055	0.87098078911446442
HDBR347	0.00872638509676436	0.09239430125032000	0.00000000000000000	0.09538074249199262	0.17154566645724340	0.57385305138393383	0.00828248450077857	0.04589195233336377	0.00392541648560342	0.00000000000000000	0.83294982009868390	0.77556235632794912
HDBR348	0.04254510367156913	0.09803839607399717	0.00681435041607676	0.10598358068618927	0.13099053387290202	0.45164740549457660	0.05344991176558875	0.07417172386625089	0.03635899415284947	0.00000000000000000	0.70364327320975617	0.83466290424197942
HDBR351	0.12665834858205050	0.43883567440655002	0.00681333091832901	0.14591353604960264	0.08976681719884663	0.08416817100871152	0.02867461399085946	0.07539816571732111	0.00377134212772923	0.00000000000000000	0.67096843690719787	0.91301708765361367
HDBR352	0.02537464737911456	0.10758892560917604	0.00000000000000000	0.11753835783425183	0.19926437596713456	0.47251199768820151	0.02156160010968532	0.05051916322974464	0.00564093218269159	0.00000000000000000	0.80492998470026156	0.81013345309848706
HDBR356	0.08082089834952919	0.33591253104591101	0.00406289980553347	0.15634341235093549	0.11228360310398368	0.25916528365059549	0.02709522044064764	0.02209807092763797	0.00221808032522611	0.00000000000000000	0.70686488697791594	0.88903981757334227
HDBR358	0.01095713698616266	0.07055768520454300	0.00000000000000000	0.17683243408877367	0.13373035943476749	0.56131032213103971	0.01770679402941004	0.02324910723930785	0.00565616088599582	0.00000000000000000	0.82249850859386942	0.78667821798995607
HDBR362	0.01950235309184270	0.12166834397469059	0.00973677217084467	0.04381892969948326	0.03085780623491998	0.65198015671375353	0.06490147355629987	0.03610221378304083	0.02143195077512473	0.00000000000000000	0.77234610517030033	0.78280258694379012
HDBR364	0.05540283758165650	0.17496491332727446	0.00672118314777388	0.09956250986904525	0.14675513113116348	0.46396257811836256	0.00707940380123985	0.04555144302348396	0.00000000000000000	0.00000000000000000	0.81349588016354202	0.81559492375080644
HDBR365	0.15071444049703298	0.41393209718830021	0.01291254120731836	0.15164163190735866	0.11922501447352959	0.05764671766434878	0.01915326718854754	0.06002662159965222	0.01474766827391159	0.00000000000000000	0.61801185814905524	0.91969883490346616
HDBR366	0.08435443802817565	0.26485078738762119	0.01658522385704773	0.02549176817377326	0.08292327303366955	0.45444777580900586	0.01819313628208396	0.05145787020994816	0.00169572721867457	0.00000000000000000	0.68893433389320458	0.85790021576900910
HDBR369	0.01188108930629790	0.06903139104800753	0.02115668041576071	0.07376339009544121	0.06480116019021064	0.49602641043027046	0.11617741538511780	0.08583463526089403	0.06132782786799966	0.00000000000000000	0.51899873855928769	0.87303759185706342
HDBR372	0.07275721329991573	0.33046098130804796	0.00385704594193242	0.15839189507675319	0.10947938960484976	0.27665861289603971	0.02899231931429316	0.01756560128501756	0.00183694127315037	0.00000000000000000	0.70640201630989374	0.88639309321938053
HDBR373	0.06115081303556803	0.15538954717100076	0.00254386279803608	0.07725599183253273	0.10797822560537468	0.50074290744247651	0.02337470513097382	0.06820591282771726	0.00335803415632000	0.00000000000000000	0.80188914673270861	0.81187920082985798
HDBR378	0.12025713522568884	0.47102814624293038	0.00626546429525840	0.04953870643675710	0.14529092884703682	0.13895798248658781	0.02936478533583025	0.03584936930109186	0.00344748182881838	0.00000000000000000	0.65064457337203374	0.90872559856481383
HDBR387	0.10966513279130936	0.18881724619725168	0.02428715019033143	0.01658302464236973	0.03531562268555125	0.48680931581327846	0.05329324697418862	0.00000000000000000	0.08522926070571935	0.00000000000000000	0.49227196340435053	0.88202670529384375
HDBR392	0.07653135248837027	0.12304806589253704	0.02320939660823497	0.00000000000000000	0.03085947396728747	0.62885172319243654	0.03548384569159770	0.02394501479809012	0.05807112736144585	0.00000000000000000	0.60679983879950805	0.83863702259386674
HDBR395	0.05905026868410036	0.25528880716894903	0.00723353924995909	0.60220884150777165	0.01402542119247431	0.00070550085822592	0.02392231230369075	0.03653214024903423	0.00103316878579497	0.00000000000000000	0.78015547041589106	0.88616270410815912
HDBR396	0.05104846534250837	0.06118584685423460	0.00309956128641740	0.00000000000000000	0.00000000000000000	0.82115834606833771	0.02521928441568966	0.00000000000000000	0.03828849603281231	0.00000000000000000	0.65311346850397345	0.80244387832502917
HDBR399	0.03991641557127357	0.04290642768889776	0.00191583116981664	0.00000000000000000	0.00000000000000000	0.85467827855515066	0.01603625490097400	0.00000000000000000	0.04454679211388723	0.00000000000000000	0.70233002617391527	0.77157297638234623
HDBR402	0.11407837451482231	0.42559521158014441	0.05220076748564195	0.08854740384496641	0.00000000000000000	0.04179127119335015	0.15973399128293267	0.04396903195945694	0.07408394813868506	0.00000000000000000	0.33910316362608461	0.94048908504355322
HDBR405	0.07922932582615694	0.14160552888792627	0.01782649634726991	0.23662937982640564	0.15371015479918768	0.18407893125507510	0.06432266083193794	0.08819913386862072	0.03439838835741987	0.00000000000000000	0.66356637583510070	0.88253445623773108
HDBR406	0.04071879001402836	0.09009579725500491	0.02242045233913213	0.21868497729754258	0.15918817989665499	0.33516260796166952	0.03486360213282540	0.07735509959357140	0.02151049350957059	0.00000000000000000	0.83134501707795860	0.83506190168540206
HDBR407	0.07771421144919026	0.32445626766380142	0.02142511630854971	0.37002628518029568	0.08152883738621733	0.02845041115135670	0.03414242282630413	0.03524642624019794	0.02701002179408682	0.00000000000000000	0.69540655702466558	0.89647646784549817
HDBR410	0.08703871208634475	0.42690506466329248	0.02612470370224713	0.26808739598097536	0.05049930519101432	0.01989423970995862	0.03956557395687778	0.07657920560337014	0.00530579910591954	0.00000000000000000	0.51183135225703658	0.93737515057075194
HDBR411	0.05846297866724839	0.15082222379460775	0.01739481482092571	0.25355656115927316	0.16383017755547380	0.23601409930080305	0.02706364617538357	0.07534108478780020	0.01751441373848412	0.00000000000000000	0.79925234118880994	0.86727374443526173
HDBR412	0.10938651766011956	0.40487478718338149	0.01113087067872850	0.10298155980107955	0.04423926385829093	0.19329410310428691	0.02332339875519058	0.09689693375146972	0.01387256520745254	0.00000000000000000	0.78190654857842057	0.88502264950794640
HDBR414	0.04376130074239903	0.10200077660803251	0.00265587660357664	0.23337644449200592	0.19342331990762493	0.32526008943201878	0.02224047920011066	0.07361431666887164	0.00366739634535997	0.00000000000000000	0.87101433568122355	0.83157489320734623
HDBR415	0.04961726312936252	0.13328213727603921	0.01660178776590617	0.30433080604777524	0.17544955221435321	0.20794073195109145	0.02555731208952627	0.07524767728087864	0.01197273224506745	0.00000000000000000	0.83186915637646031	0.86702025227330848
HDBR416	0.08928467339184790	0.38488693152308040	0.02408675210445181	0.23605867981280579	0.03922711968195953	0.13031044598991334	0.02993390098642647	0.05663166898975387	0.00957982751976088	0.00000000000000000	0.63696901479781998	0.91767195395816381
HDBR417	0.10789948681677902	0.34206105093576472	0.00847130226802500	0.17535519029853466	0.11695334835218504	0.12360205550667436	0.02454892557154591	0.08999182517351352	0.01111681507697793	0.00000000000000000	0.74174141992544651	0.89947054238210089
HDBR418	0.05468325037079155	0.15462915286088952	0.01702729418502536	0.22958554133636050	0.15470571435068814	0.27043243409522899	0.02582604041235829	0.07853297806759849	0.01457759432105920	0.00000000000000000	0.80234631656398114	0.86241294940981983
HDBR421	0.06686641615644208	0.12429228396253908	0.00263682141549590	0.25445000925613304	0.16703015171150157	0.27667676281011899	0.02438785721586673	0.07639433673091976	0.00726536074098268	0.00000000000000000	0.86279070273961100	0.84827121480385126
HDBR422	0.03641852511696202	0.10025528557037913	0.01200844525494173	0.26789975810944089	0.18707829822239544	0.29252338994653748	0.02133858118775442	0.06434304598020341	0.01813467061138545	0.00000000000000000	0.82229620747474585	0.84747555542440034
HDBR423	0.07325641916304849	0.17099986036879689	0.00074073622094935	0.25036784276165469	0.15288952055354743	0.22257099502061034	0.02721942641990873	0.10195519949148396	0.00000000000000000	0.00000000000000000	0.85431361489543034	0.86483063237595181
HDBR424	0.04996146424233940	0.11561278234658728	0.01180323767677391	0.35720107123050465	0.15435605310861253	0.21547185348696105	0.02225694422133261	0.06927927299802414	0.00405732068886446	0.00000000000000000	0.81192328362683586	0.87214727424464011
HDBR425	0.11057754637042869	0.53933158757730348	0.00622182991938300	0.25603701059024969	0.05608305533651541	0.00000000000000000	0.02024354136283371	0.00906613634031712	0.00243929250296921	0.00000000000000000	0.80247930701517567	0.88286321069210028
HDBR431	0.13490848277497236	0.17380796681203473	0.01075958034479230	0.08899619877800541	0.18408940918763980	0.33504657520875686	0.02683573700158653	0.04367249497155758	0.00188355492065446	0.00000000000000000	0.73753181473357887	0.86317251490238767
HDBR434	0.08528932017069724	0.17657389682495811	0.00780399591132508	0.15617614200910102	0.22360018280699850	0.27201938578536267	0.02296856768366773	0.05390149853677220	0.00166701027111767	0.00000000000000000	0.75230481884259015	0.86991919317894661
HDBR435	0.06630465239194237	0.15660398241119700	0.01152984552006093	0.21469377465280423	0.17887138295941163	0.27967690207718898	0.02366844555460727	0.06605965520065876	0.00259135923212867	0.00000000000000000	0.81749917827255203	0.85841626143597138
HDBR436	0.07119930052501457	0.16503589215607478	0.00898112301997354	0.28582380765264576	0.16160888490044431	0.23867959090381266	0.01731633774096588	0.04985422469687333	0.00150083840419529	0.00000000000000000	0.76043228522894335	0.87909462645349612
HDBR438	0.11505375785775833	0.16498707418574116	0.00788700561932688	0.15031073887541130	0.13171099592740851	0.35593170165766186	0.02229240576912977	0.05182632010756230	0.00000000000000000	0.00000000000000000	0.71425127589123727	0.86857529241792319
HDBR439	0.11368178362014698	0.18133417024751081	0.01105486575421589	0.20093434730571966	0.16988715973566490	0.23780781498870684	0.03162609588645691	0.05061031324437312	0.00306344921720495	0.00000000000000000	0.70116085706965836	0.89089188828239285
HDBR440	0.09936947806148200	0.14894723351669004	0.00588730092513835	0.10158817530304953	0.16086582074478417	0.43561890325862634	0.01845763573714792	0.02742599626996017	0.00183945618312144	0.00000000000000000	0.80298648132681716	0.82471511440197032
HDBR441	0.10104948360687763	0.16129138890474728	0.00814480501383282	0.09010973672070960	0.19549441459785799	0.36425561908626330	0.02852887057423449	0.05097285953183179	0.00015282196364513	0.00000000000000000	0.74362650257463614	0.85452582243326336
HDBR442	0.07336627780853136	0.17078163704820420	0.01085051420569182	0.20079705480856444	0.18243726535890220	0.27170451297223924	0.02386236164688447	0.06362775713283132	0.00257261901815083	0.00000000000000000	0.74971213374388734	0.87409734079442891
HDBR443	0.10678238130589705	0.30551054345316886	0.01038944998410183	0.19978888603134681	0.10525694294406489	0.15965289940205035	0.02883974042504042	0.08149819982581263	0.00228095662851733	0.00000000000000000	0.77295604715814425	0.89439352741912592
HDBR447	0.17273815603074283	0.42700963585587587	0.02447139864560089	0.04043630764233257	0.11277434488027757	0.05086066562538880	0.07291880221927771	0.07513541242905304	0.02365527667145074	0.00000000000000000	0.51705997065360410	0.92408560373969784
HDBR450	0.08730226144234773	0.14380471775710113	0.01967097321157008	0.06057572387739683	0.13420777938441042	0.44150444361381030	0.04861208934372332	0.05591576927883130	0.00840624209080871	0.00000000000000000	0.75485020711881978	0.83688226859409476
HDBR451	0.07029374328923332	0.14680494209559017	0.00653626341259635	0.05556213471609808	0.15402482697501380	0.46697153043582429	0.02770981381251909	0.06485868903782062	0.00723805622530420	0.00000000000000000	0.83734521661150063	0.80532375420999558
HDBR452	0.08149133467531290	0.15344935391600625	0.01045553248275690	0.07141017588594355	0.17981454094972008	0.42444765068515877	0.02467709528040670	0.04663513699636543	0.00761917912832933	0.00000000000000000	0.81730751754643649	0.82115373187474228
HDBR453	0.12068979341704016	0.20662256609111379	0.01483940220952124	0.07075357989177633	0.14801840485018372	0.32188506379696108	0.05404132708619985	0.04447326503977784	0.01867659761742598	0.00000000000000000	0.69180924654023290	0.87168185211230265
HDBR454	0.13150182709914252	0.19394709837578572	0.01103387682196216	0.09769731644763430	0.17154977359985704	0.32884685279583870	0.02992741073264112	0.03451838804737684	0.00097745607976167	0.00000000000000000	0.69585619832639078	0.87528399002076029
HDBR455	0.23831019193271838	0.51005378114116096	0.02105099366391195	0.00000000000000000	0.05596131037964783	0.03542123923401178	0.05070621836187332	0.08562737632573084	0.00286888896094506	0.00000000000000000	0.63700257780976377	0.91462642706978814
HDBR458	0.08065732127411053	0.11289733894582839	0.00555494432972056	0.07865490669631277	0.17406088676315204	0.47211631766479184	0.03066309599797886	0.03923076554589783	0.00616442278220713	0.00000000000000000	0.82819151716442396	0.80502771073616086
HDBR459	0.09371369556204613	0.21355057542937472	0.01096232181647632	0.15045970680556697	0.13580396874911463	0.31267687902396352	0.03959469603822408	0.04015407202291203	0.00308408455232150	0.00000000000000000	0.84519955778577083	0.84891430783569244
HDBR461	0.11717578594106212	0.27813382126723335	0.00999157617228772	0.01419572134029565	0.08238068923917746	0.41410209605337772	0.03269970635526602	0.03900308375581861	0.01231751987548134	0.00000000000000000	0.81993529354339634	0.82940806391210609
HDBR462	0.08664695118476069	0.12120783298166904	0.00263983119486685	0.02403573687964316	0.13158166100358257	0.57913696498436884	0.02444090668894620	0.02221013108446445	0.00809998399769827	0.00000000000000000	0.80751589063145068	0.78620241140422265
HDBR465	0.11101227224920993	0.17426880009862100	0.00884898931558303	0.18633800926046873	0.18410727447694039	0.28085794194101993	0.02602784136071317	0.02548474944200727	0.00305412185543639	0.00000000000000000	0.68598811370636481	0.88530032002735293
HDBR469	0.18123225164659718	0.34811715456515496	0.01205823295956230	0.15361694266567413	0.11700124572371058	0.11677686045059259	0.04352630104948522	0.02767101093922303	0.00000000000000000	0.00000000000000000	0.45191990530053305	0.94576640724301364
HDBR470	0.08732870172520495	0.12514195601020631	0.00208005889538106	0.01929497427769041	0.10127130915809930	0.63386142297533743	0.01744912937489260	0.01302078275096561	0.00055166483222230	0.00000000000000000	0.83733026073569705	0.76289920749164253
HDBR474	0.19312949103529503	0.48158756250390372	0.00836457543425008	0.00000000000000000	0.13001585726314535	0.07990814746422481	0.03783019900276877	0.06362394628490889	0.00554022101150348	0.00000000000000000	0.61703572106002591	0.91683175388085481
HDBR475	0.07602273898632868	0.13946524276791245	0.00623457995718174	0.03427354057287421	0.17419668974302652	0.52804091539576681	0.01611927241524017	0.02455509206688972	0.00109192809477968	0.00000000000000000	0.84635870130214552	0.78400104153295180
HDBR478	0.06706394846826076	0.36960418294487291	0.00630461764449761	0.22612353215577038	0.07432234945461466	0.19835667496007789	0.02603037075011020	0.02949808767686615	0.00269623594492930	0.00000000000000000	0.66029415012973169	0.90704896426115400
HDBR480	0.03490845031792650	0.12992530051186893	0.02231676425487591	0.26896785270083495	0.18215250653239817	0.25832852460018790	0.02327351124040151	0.07099159359908995	0.00913549624241614	0.00000000000000000	0.66602486407627415	0.89183631734960378
HDBR484	0.10380611432108576	0.27777998618674993	0.00881401312906101	0.23936689152231394	0.06104796504702321	0.21965200541421401	0.03214157926421413	0.05597885654074815	0.00141258857458991	0.00000000000000000	0.67659278860963734	0.90465344855256291
HDBR485	0.05241593833590387	0.25571921478298937	0.01352330169975316	0.38801818535970467	0.00991747584719666	0.17518831008225624	0.02247013571954101	0.08102146820228824	0.00172596997036681	0.00000000000000000	0.62850159442560771	0.91773793654642066
HDBR504	0.01713345514435514	0.20746811066234191	0.04053522806063842	0.31419468751470736	0.14410838101591561	0.11559609592202301	0.03208445329205106	0.12887958838796737	0.00000000000000000	0.00000000000000000	0.76368011890120224	0.89805582520015881
HDBR507	0.03744640686152165	0.11997888545454802	0.00073119012682460	0.68645641041602812	0.00199539260178028	0.05249732067169891	0.02721047751137831	0.07272169202593566	0.00096222433028442	0.00000000000000000	0.80809661255745835	0.88007909207677759
HDBR515	0.06852744543959582	0.29555047235973891	0.00267286598539272	0.58620756495141779	0.00787621348907651	0.00000000000000000	0.02845836116885135	0.01064320584646180	0.00006387075946506	0.00000000000000000	0.71155434822185482	0.89654410187934908
HDBR517	0.09499617625095752	0.27398831093492437	0.01437953480165123	0.29946861290477578	0.00000000000000000	0.16272379748857510	0.03585475495169098	0.10900548321591018	0.00958332945151489	0.00000000000000000	0.80687515384151021	0.89077770130374401
HDBR518	0.08439802491795630	0.19511636193383733	0.03986382229274481	0.41865398284531996	0.03679572377052624	0.03949666750664787	0.04106489284392428	0.13902090542188558	0.00558961846715779	0.00000000000000000	0.68131301857582538	0.91598944050756659
HDBR522	0.01300801939496276	0.07724761962413436	0.03775212857152756	0.15726336652787248	0.11369800154062697	0.44751630653685492	0.05571654645468297	0.06521512428231635	0.03258288706702153	0.00000000000000000	0.75269442358587535	0.82456694330028735
HDBR527	0.06793085613916122	0.29614273777748695	0.05128356665001851	0.41303032146216545	0.00713590259148213	0.06313216583346848	0.02983578394011826	0.06626895221237729	0.00523971339372181	0.00000000000000000	0.81329872612210818	0.89588578199130375
HDBR528	0.04706542981123474	0.27917169673928610	0.00502248245883725	0.58778058241813447	0.00123792697346887	0.01074639483488794	0.02583151910153174	0.03987168454231276	0.00327228312030622	0.00000000000000000	0.78778492885263329	0.88490390871976687
HDBR529	0.16959616854424625	0.33029553166272402	0.05905728311047680	0.20624312389451552	0.00000000000000000	0.00000000000000000	0.08676382571526724	0.11824330397437337	0.02980076309839682	0.00000000000000000	0.50123363225922468	0.92340198727585232
HDBR532	0.04710562094933293	0.20857574294846942	0.00762316531897631	0.60749049808973510	0.03885615139608456	0.02745496053420326	0.01655433231285551	0.04339224060147098	0.00294728784887201	0.00000000000000000	0.80269177639229350	0.88336961484453747
HDBR533	0.05553448941492781	0.11257901514210161	0.03059754179177718	0.40321414246662468	0.11462828264291597	0.13008537735562750	0.03330099229922679	0.11720718612779642	0.00285297275900216	0.00000000000000000	0.82343550931129939	0.88654063304677444
HDBR534	0.05638722967013027	0.20448492932912490	0.00938394491211616	0.63000766510720019	0.01296265555282456	0.01221151137008034	0.03181773901409052	0.03962672968826495	0.00311759535616819	0.00000000000000000	0.79152182726045417	0.88413206363641295
HDBR535	0.05803258401890257	0.17336902640439053	0.01163462627540303	0.51001828587065345	0.05032930965224923	0.06528004605705556	0.03774877667721445	0.09106085354717482	0.00252649149695638	0.00000000000000000	0.82789860030972673	0.88775051800258775
HDBR536	0.04286562290750200	0.17444075971308712	0.00725958197581085	0.54554782383418110	0.04278992119047877	0.06843230964924167	0.02620329487588645	0.09002474279986525	0.00243594305394673	0.00000000000000000	0.82937218796365764	0.88500912075034444
HDBR538	0.04220032262095074	0.19116763194992881	0.00000000000000000	0.65529842070543309	0.00000000000000000	0.03966351144526109	0.01864055855779558	0.05176433572024660	0.00126521900038391	0.00000000000000000	0.78754277036022147	0.88409638934572721
HDBR539	0.07195789623714086	0.25740460843214280	0.00356726379290040	0.62040634204282574	0.00872589572222757	0.00000000000000000	0.02407260302481834	0.01141244454879528	0.00245294619914882	0.00000000000000000	0.70695470341255351	0.89666428054595149
HDBR540	0.07655307232437854	0.28974286746982675	0.01882090056004063	0.32036709648535727	0.08147092602989270	0.07779090993815678	0.03902402545754694	0.09086259554612824	0.00536760618867240	0.00000000000000000	0.74801413130102901	0.90401054447152607
HDBR541	0.06033281784367742	0.29455548318136487	0.00000000000000000	0.60990987020051279	0.00000000000000000	0.00000000000000000	0.02356406403416856	0.01144311920753588	0.00019464553274032	0.00000000000000000	0.71703720448999531	0.89386820356255248
HDBR542	0.05937261084088174	0.21819956738454679	0.00000000000000000	0.68201091778522249	0.00000000000000000	0.00000000000000000	0.02400015110412660	0.01466548094723531	0.00175127193798710	0.00000000000000000	0.79050254148793042	0.87812533695988593
HDBR543	0.06927322576114882	0.19876877687966552	0.00080936274293832	0.57531384416451670	0.01339448647927919	0.04702338355558792	0.02812006630792098	0.06525343619474072	0.00204341791420173	0.00000000000000000	0.78107713966235626	0.89177103925820944
HDBR544	0.05699382232725433	0.26084985465828098	0.00043995584986524	0.64548648916544149	0.00000000000000000	0.00000000000000000	0.01881221946691632	0.01600145979711818	0.00141619873512346	0.00000000000000000	0.74403211551304627	0.88797394818411624
HDBR545	0.06770605510243502	0.21318619400370187	0.00133287837712058	0.66653474728505957	0.00315489031767369	0.00000000000000000	0.02684087722157459	0.01964511547013199	0.00159924222230266	0.00000000000000000	0.79570576665802906	0.87917567057644841
HDBR546	0.05272944437556545	0.18525629223069384	0.00195827141951178	0.58491412510906382	0.03477608583994795	0.05081662336315560	0.01673096930200303	0.07068493253275822	0.00213325582730040	0.00000000000000000	0.79719799076865971	0.88763552850377780
HDBR547	0.04937986607353190	0.12209232945890527	0.01061121337066433	0.49932243793238712	0.09748667708666836	0.10959660411274169	0.02154552521674218	0.08445167441170651	0.00551367233665256	0.00000000000000000	0.81813550654990053	0.88451333351480754
HDBR551	0.07559539222240684	0.29484694789230270	0.01944281833054771	0.44984405796686261	0.05096100135903539	0.00091870127738425	0.01692307328934856	0.08603088508346904	0.00543712257864286	0.00000000000000000	0.83051737471089582	0.88811574192074660
HDBR552	0.10912898775624773	0.44765438307537053	0.03539032212259254	0.31661874867747797	0.04334539733149575	0.00000000000000000	0.00650803264128748	0.03859449366242367	0.00275963473310418	0.00000000000000000	0.79593092887464478	0.89205981337190698
HDBR553	0.04754963382863223	0.21171239670845024	0.01022263919041216	0.59946271263562168	0.03121659347495848	0.02810153815588005	0.01209762296846690	0.05505798468962920	0.00457887834794878	0.00000000000000000	0.83748383828124884	0.87873753612864258
HDBR554	0.05082058017882303	0.18551059719088656	0.02323380416641756	0.56409817797994144	0.05847554911802091	0.03811359144386554	0.01029389710450807	0.06458096562224752	0.00487283719528928	0.00000000000000000	0.85230335691402992	0.88014909976575739
HDBR555	0.06413335199383610	0.28465374351153366	0.06383795639193354	0.48489192825461092	0.00000000000000000	0.04282248058505941	0.00840591783993995	0.04893594907156534	0.00231867235152115	0.00000000000000000	0.72541903052043599	0.90641628601068491
HDBR556	0.04927368335747889	0.19440381961775494	0.00419581983017996	0.55773490615069354	0.06703425660452796	0.04426411824798055	0.00887443883618966	0.07160770839804688	0.00261124895714757	0.00000000000000000	0.84905659580185899	0.87902422035711092
HDBR558	0.06785430820440044	0.18907882627936459	0.00274466930610867	0.46248185177687690	0.09347941104646058	0.07999295625123587	0.02542083387360586	0.07697409333887677	0.00197304992307018	0.00000000000000000	0.83036363357826060	0.88666514381866801
HDBR561	0.06380437937553708	0.18217431678407314	0.00791227840111808	0.37962389427256094	0.09096379768397621	0.14526926259805598	0.02228878505189702	0.10349876297408338	0.00446452285869839	0.00000000000000000	0.83020236748303422	0.88480815991026818
HDBR562	0.05056850253416335	0.15417894790375838	0.01109203658427506	0.63626182753365446	0.06252929410738897	0.02932841312292061	0.01342096224974318	0.04040288992832632	0.00221712603576985	0.00000000000000000	0.82035484566532224	0.87867323715489731
HDBR563	0.05136717712559227	0.12476157535658958	0.01040451319366776	0.63691195774767551	0.04590669467780237	0.05065692627587114	0.01861096779290359	0.06005610243803707	0.00132408539186076	0.00000000000000000	0.84236478002367565	0.87703920431050264
HDBR567	0.12706098922455653	0.47136688526447806	0.01395403217086063	0.10706421039012581	0.02846137283891943	0.09984788344237880	0.02646682878272909	0.12095574479588816	0.00482205309006348	0.00000000000000000	0.75159093221897544	0.89990176812107880
HDBR568	0.04508473004924354	0.18051072829391743	0.00812424059001668	0.58910258171395513	0.05271540621916346	0.04813145592454955	0.02164854943275802	0.05255853041979673	0.00212377735659940	0.00000000000000000	0.83984923357750074	0.87909494260544496
HDBR569	0.05648482662528018	0.11275124873523833	0.00510910987065895	0.43659154515940163	0.13514186491203650	0.12294270868150924	0.02716599428448115	0.10192099800428250	0.00189170372711146	0.00000000000000000	0.84929197163667847	0.87838280409633074
HDBR570	0.06071374460543195	0.11915642835042230	0.00895410767358669	0.51782094776779430	0.10324487554300327	0.08374320880856394	0.02605777953153195	0.07710006488121587	0.00320884283844964	0.00000000000000000	0.83848960487438218	0.88205292129346524
HDBR572	0.05233393088620890	0.08780619117551948	0.01087109876206232	0.27279106052906027	0.16976393027012049	0.24616169681221137	0.02761937325131728	0.12517475542757281	0.00747796288592710	0.00000000000000000	0.78197052122644306	0.86989480100397798
HDBR573	0.06666138121467875	0.14684367005017701	0.01340438452775400	0.33069980428285894	0.17572825215113103	0.17982565802489173	0.02748462699008778	0.05613187261060210	0.00322035014781871	0.00000000000000000	0.77634500762198333	0.88409683786304127
HDBR574	0.06912301265346657	0.18165244501779945	0.02126247420551639	0.29402013133903443	0.12690894078186213	0.19288269729368915	0.03450318921297354	0.07629872657201552	0.00334838292364269	0.00000000000000000	0.80951219287465070	0.88178043762391134
HDBR575	0.09458973698877321	0.23344744819985230	0.01322235724352902	0.33394457145184192	0.01787184822916745	0.17132444031910724	0.03297213986159033	0.09952391654211522	0.00310354116402347	0.00000000000000000	0.80638612386265107	0.89178362493295493
HDBR578	0.04553381781641964	0.14586036065993782	0.01660381797503688	0.37406602545138157	0.13192476224719876	0.15924588735504810	0.02651530439839873	0.09793356903736368	0.00231645505921479	0.00000000000000000	0.82218726606836690	0.88181719348967547
HDBR581	0.06522629181829943	0.38007561855794514	0.01034651969770664	0.47676279362511631	0.02614774629925681	0.00000000000000000	0.02921241059947301	0.00982182918017453	0.00240679022202808	0.00000000000000000	0.81201025976818297	0.88143082157800101
HDBR582	0.04849574297036923	0.12622481420337836	0.00714270448663290	0.52958488255199698	0.06670629881529036	0.10179825862805156	0.02970278804289126	0.08872683365747959	0.00161767664390996	0.00000000000000000	0.83300542647858478	0.88320491465744866
HDBR583	0.04150458593854442	0.13720949906205077	0.01606606495432187	0.40637470130322928	0.10946135611161514	0.17497063975625282	0.02527462680161656	0.08575934357746606	0.00337918249490304	0.00000000000000000	0.80711786287903686	0.88258308383359751
HDBR584	0.06199232963433954	0.19773470663525466	0.00886245980257442	0.49923579639515381	0.03340856220548682	0.11377992525744544	0.02967530862574190	0.05125360013494652	0.00405731130905679	0.00000000000000000	0.83755942477639944	0.88406707530104278
HDBR585	0.05342976659826917	0.11499052549713547	0.01642557444896567	0.47386423435164488	0.10236070212613223	0.11648780142596474	0.02736545219159520	0.09279285114360324	0.00228309221668932	0.00000000000000000	0.84299906121345014	0.88194101853659890
HDBR586	0.06628740948220015	0.12880335377177424	0.02096649744506923	0.38957358372450940	0.10463137084124820	0.09403511862135161	0.04296276655118018	0.13819869724302999	0.01454120231963702	0.00000000000000000	0.75635565225192969	0.89436732317570700
HDBR587	0.05535827578771218	0.13956975435612118	0.01157018884178645	0.48482864307601281	0.10296313352972401	0.09807087485355344	0.02582936828630583	0.07945765189440210	0.00235210937438199	0.00000000000000000	0.83548639956022352	0.88367038772326945
HDBR588	0.06235606128763509	0.15919549385549292	0.00816736698526461	0.62043637801471407	0.05246718543493788	0.02399247526535412	0.03827281826651769	0.03355168657821163	0.00156053431187216	0.00000000000000000	0.82904588369768883	0.87830631834546291
HDBR589	0.06216256394436021	0.14636025106060521	0.00720199056564537	0.50987409810149631	0.06416958223408618	0.09913242799434331	0.03051149928226193	0.07762976078712348	0.00295782603007794	0.00000000000000000	0.85415520971736336	0.88125312167973135
HDBR591	0.05927972940111741	0.17435217061444921	0.01808316200329154	0.48331504686832993	0.08392033524070333	0.08520652550802736	0.03254253974794035	0.06074684780306248	0.00255364281307863	0.00000000000000000	0.81450412638188441	0.88906923514905345
HDBR593	0.10719432457595154	0.29556527682680950	0.01876577215948413	0.31035559319710687	0.05112176899057748	0.04922961243805669	0.04505833713248213	0.10885435108633884	0.01385496359319299	0.00000000000000000	0.75179101634575418	0.90032598724056279
HDBR594	0.07322698231225178	0.26202365967636204	0.00936659092626069	0.36066705353339285	0.06122034590854938	0.11092089031095713	0.02698303807311944	0.08728674128411862	0.00830469797498830	0.00000000000000000	0.83008663108751335	0.88885029922720771
HDBR596	0.04760674978046495	0.31824909896501358	0.00867109899452802	0.28243405857564596	0.07220253277828749	0.17141218784638240	0.01611709382317584	0.07722193020678075	0.00608524902972117	0.00000000000000000	0.85169348512923060	0.87915564875648822
HDBR597	0.08209404128459907	0.29928947476867790	0.00692509915124212	0.46799015135352279	0.02973772077386776	0.04684765787786946	0.01731364239909402	0.04709972897225052	0.00270248341887644	0.00000000000000000	0.84553076067109723	0.88458006340175899
HDBR599	0.04970844563330869	0.12042116152424548	0.01779722924280172	0.51081699227402733	0.09712160858295639	0.09982122701012205	0.02072545404141074	0.08013601422332672	0.00345186746780078	0.00000000000000000	0.81692001223133204	0.88584675617022846
HDBR600	0.04669395921982943	0.14219168237849117	0.00730828344817170	0.59960911447070220	0.06080455736122686	0.06525167923242739	0.01775731830094720	0.05835354856229573	0.00202985702590835	0.00000000000000000	0.81439507367541564	0.88288282388986916
HDBR601	0.29906317385454140	0.30601996523995062	0.03449615435265861	0.11255274660636555	0.02026386113507303	0.00000000000000000	0.04049094219039833	0.18448367721285142	0.00262947940816091	0.00000000000000000	0.63687421918519471	0.92132960260730867
HDBR602	0.06041278917987396	0.14075305161558832	0.01347742183941471	0.51675384084436482	0.07884991067421189	0.08988050233532578	0.02260567374875519	0.07325848193024244	0.00400832783222292	0.00000000000000000	0.81084010173630872	0.88808583196966717
HDBR603	0.06208613268769717	0.15574860738644936	0.00941484806933438	0.44254000512179603	0.11790421759883338	0.11521843362022920	0.01919312277669290	0.07431793484655785	0.00357669789240986	0.00000000000000000	0.81183277317878366	0.88690528270226976
HDBR604	0.09213875137594604	0.49549316135869487	0.00987700596286914	0.35797907551768859	0.00672695617865932	0.00000000000000000	0.01935147966133937	0.01607061664760331	0.00236295329719913	0.00000000000000000	0.83149985720342012	0.87815593949594928
HDBR607	0.07032750196361032	0.28468874441504211	0.01499354340056268	0.40276137192894551	0.08022551454539492	0.05951090806144953	0.01666836988617005	0.06708998033763866	0.00373406546118627	0.00000000000000000	0.82290726659670255	0.89098632607956263
HDBR608	0.06618867869029744	0.20478873358901623	0.01036851923695567	0.57624075086041449	0.04215785333061409	0.03191082704393222	0.02459678332047279	0.04164151873950935	0.00210633518878753	0.00000000000000000	0.83704233912727621	0.88089901303634210
HDBR609	0.06827296820578563	0.12543156938120323	0.01033939547800944	0.39037272665500966	0.14004752242487511	0.14150707689475539	0.02259658830449483	0.09908259186414806	0.00234956079171868	0.00000000000000000	0.84653413607300732	0.87887089722393308
HDBR610	0.06450008457777263	0.13404474836035715	0.01184620225435172	0.41391277048308556	0.11825593997306932	0.14324249843956474	0.02539455887544456	0.08643286831837584	0.00237032871797849	0.00000000000000000	0.84755286921965389	0.87955052543467427
HDBR611	0.06516407073147090	0.15439986522249605	0.02039489315288419	0.31882721858758567	0.11403613244262978	0.20541440617745174	0.02107781141712277	0.09599076044825858	0.00469484182010051	0.00000000000000000	0.83111459416189215	0.87613146150315280
HDBR612	0.21537341960335554	0.40234629668755423	0.02714562023303547	0.11302890672718573	0.02223533227454437	0.00000000000000000	0.04633029065929298	0.16974041119638539	0.00379972261864645	0.00000000000000000	0.73035304108215238	0.90535829221012820
HDBR615	0.08784777204289519	0.39133016012168303	0.01321475361169472	0.32830096086943927	0.04308524873430167	0.06042033026733588	0.02504299640531525	0.04368541235024442	0.00707236559709040	0.00000000000000000	0.85126618623524564	0.88492601796681603
HDBR616	0.03291411934598774	0.11805715258612159	0.02964539699752559	0.52580911781054052	0.04793565203963868	0.16009732928094780	0.01401892355285703	0.06268389659160274	0.00883841179477820	0.00000000000000000	0.66362532656111173	0.90769485289649721
HDBR619	0.08316951260224667	0.45644273725094781	0.00790784618178926	0.38905066941203298	0.02046123259535535	0.00000000000000000	0.01909335678266559	0.02072075251781631	0.00315389265714593	0.00000000000000000	0.82856828875055344	0.87976160721138696
HDBR620	0.06096604782877880	0.09547639024972655	0.00813235460002606	0.35533056760493253	0.11687418553925612	0.25997252390540776	0.01952861593211478	0.08234279032599343	0.00137652401376402	0.00000000000000000	0.77221294312809330	0.87450793894375811
HDBR621	0.08441802033175701	0.30735004677700611	0.00252412811031566	0.30967743705416961	0.01221408296297251	0.20560844646778750	0.02310454593154246	0.05471876347640107	0.00038452888804809	0.00000000000000000	0.82072743274560922	0.88323526038327915
HDBR622	0.07526914703585234	0.12020020179639976	0.00000000000000000	0.39069095072239740	0.14014422123019776	0.16616475277188245	0.03230630311943529	0.07522442332383487	0.00000000000000000	0.00000000000000000	0.74606145053631923	0.89202763688751430
HDBR623	0.07011131611435630	0.17102639721969193	0.00235240388848848	0.36414176573638546	0.09688734060191402	0.17972946979967847	0.01905756696775695	0.09269624403579931	0.00399749563592922	0.00000000000000000	0.81036156987660901	0.88309889188257307
HDBR624	0.09416555410178001	0.41561665236049433	0.01918517672595761	0.20575518542383439	0.00000000000000000	0.18547841575814800	0.02949173372489944	0.04945873019881502	0.00084855170607111	0.00000000000000000	0.79107116257583188	0.89074165423048490
HDBR625	0.04640370414090021	0.18182111226964329	0.00233546999924952	0.45194202372754688	0.11380850991427181	0.11487153138622422	0.02209307228521635	0.06619444675514811	0.00053012952179990	0.00000000000000000	0.78751503304174930	0.88957945155080798
HDBR626	0.05930899589175707	0.17308366139106360	0.01858163483076967	0.35094783537999713	0.13335641974002782	0.15525304889611163	0.02537537893540498	0.08043799859270628	0.00365502634216184	0.00000000000000000	0.80766178414572209	0.88584127224808418
HDBR630	0.05014291164334909	0.10998575652397186	0.02611599089123493	0.36268103315829875	0.12768731029361685	0.18431045686178130	0.01522202862387920	0.11107383096891824	0.01278068103494998	0.00000000000000000	0.79350758328153770	0.88162258778603642
HDBR633	0.18019021636272320	0.41329162028216587	0.04386186981357356	0.05943137362399761	0.03169160995420936	0.00000000000000000	0.03042051081477409	0.23705826570167901	0.00405453344687719	0.00000000000000000	0.69912859970774621	0.90742233082167945
HDBR642	0.14518934228870656	0.43203173168815234	0.04653211260379406	0.04471394316060916	0.02199148834632502	0.08092809877359955	0.03263099009876244	0.18842806140140314	0.00755423163864755	0.00000000000000000	0.66369937139423985	0.91325800049221151
HDBR643	0.05790897062760998	0.18742410434112705	0.01834307793452459	0.33793973350297468	0.14747353267797356	0.14416449536380335	0.01171871683502556	0.09400636787425282	0.00102100084270830	0.00000000000000000	0.82773413094599246	0.88311691119398117
HDBR645	0.04225905663295156	0.14861946381285260	0.01040818797977949	0.41636587053012714	0.13125123594197702	0.13193271762131825	0.01427681200884089	0.10433643339879042	0.00055022207336257	0.00000000000000000	0.84450768010875321	0.87935939135034802
HDBR646	0.05157332013453725	0.14166441970030028	0.01166917698521871	0.37118745785453416	0.14095123569908896	0.15232513212249019	0.01359032243888186	0.11611088305499521	0.00092805200995347	0.00000000000000000	0.85421281123330406	0.87600859858448521
HDBR647	0.04369409895768930	0.14035971762116009	0.01474838148394078	0.33292978437031689	0.15833903208877168	0.18929591560595355	0.01328557491514707	0.10582363933175433	0.00152385562526627	0.00000000000000000	0.83810981885451652	0.87245375698260985
HDBR648	0.06065678842782346	0.18410669712702782	0.01542408610952792	0.40151937218729161	0.11056943599719285	0.12004448226415677	0.01742647820579703	0.08982303734147695	0.00042962233970550	0.00000000000000000	0.84206468595488482	0.88452423203975228
HDBR649	0.05979086782380359	0.17378187897579059	0.02007020390070785	0.29810725531183541	0.15101656610717590	0.18526015645067589	0.01084589390949460	0.09973398774740774	0.00139318977310869	0.00000000000000000	0.83885439567810360	0.87549470865971912
HDBR650	0.04746124476497483	0.14120027611190533	0.02270623895916676	0.33177131927113229	0.21031745497249538	0.13937767992610137	0.02762876392202735	0.07621358172151090	0.00332344035068589	0.00000000000000000	0.44382046442003592	0.94279565476372518
HDBR652	0.06521139068967824	0.20801128285482906	0.01041679750444802	0.22514777861554272	0.13588463684439731	0.21686510212673546	0.02193779459628995	0.11112505037809793	0.00540016638998137	0.00000000000000000	0.83375352933776892	0.87171726310329689
HDBR653	0.10513358300502919	0.48589082663800448	0.00504956083419880	0.12096265146980527	0.04104461478251666	0.14291274763010203	0.02778326484231932	0.06669711313180944	0.00452563766621467	0.00000000000000000	0.72481898287506474	0.89989022549027808
HDBR654	0.07335246447655612	0.17944609367778735	0.00401431689437141	0.27042184171281647	0.19595999740996925	0.17805990900427771	0.01307066973244380	0.08567470709177769	0.00000000000000000	0.00000000000000000	0.80941295737648322	0.87728744599727360
HDBR655	0.11594647373788357	0.50385543004724109	0.00830068982124776	0.18573131945994467	0.08229671576053374	0.01379756410250983	0.02608910683992022	0.05771869366543176	0.00626400656528723	0.00000000000000000	0.67464230953598658	0.90930483407544072
HDBR658	0.10792405076590034	0.55141673166411442	0.00674390346142145	0.22960585061982261	0.02708878594452767	0.00000000000000000	0.04240138706655475	0.03339736483173435	0.00142192564592443	0.00000000000000000	0.61868427621506306	0.91456079320923378
HDBR660	0.05035995714731922	0.11969313369165781	0.00895477183208745	0.44479219130172110	0.11529477760985329	0.14343990349818247	0.02627318859118693	0.08991848578238158	0.00127359054561015	0.00000000000000000	0.82724957725279846	0.88125572534031971
HDBR661	0.08384668831817232	0.44437189381797115	0.00711625962176903	0.11253735664686665	0.04329643564798635	0.19036902672316550	0.02942933593106476	0.08172256518156878	0.00731043811143548	0.00000000000000000	0.61791508348515334	0.91400177744413713
HDBR663	0.06035418793290628	0.39843336385091399	0.00894088259444573	0.31577162148467219	0.07387650874617507	0.04354828350674095	0.02970228685552654	0.06428584563808649	0.00508701939053281	0.00000000000000000	0.47493980635146621	0.94212590175929456
HDBR664	0.09920162675583630	0.32861684684492776	0.00944203506388233	0.22121306999267878	0.10661317293568412	0.11411860607968005	0.02294270237359386	0.09298503679599289	0.00486690315772396	0.00000000000000000	0.85661179626633099	0.88517366021336419
HDBR668	0.04328295682065164	0.12799350253653813	0.01153121615191734	0.27829197332129146	0.20269576857666047	0.22740716279130752	0.01782055158469693	0.08250863287790604	0.00846823533903055	0.00000000000000000	0.83836472208458135	0.86070982331970947
HDBR669	0.03538659235823449	0.11508547240979335	0.01130772605131950	0.26501361223152081	0.16457394892983140	0.32042899975169609	0.02584883719339136	0.05361874745244995	0.00873606362176308	0.00000000000000000	0.80569473198333974	0.85079403905075990
HDBR670	0.11412338120652950	0.34554475080020197	0.00979382244921454	0.16125946174164602	0.13703333910792978	0.11123596387232317	0.02144889025236665	0.09625330021678102	0.00330709035300741	0.00000000000000000	0.75799120395195108	0.89939882042605246
HDBR673	0.05530030794337323	0.23106419809080492	0.01525170226443245	0.25257519809872186	0.11382572815229208	0.19670924149372870	0.02580806699379710	0.09841763918461993	0.01104791777822979	0.00000000000000000	0.84579116093520346	0.87334054174366604
HDBR675	0.06619354705264348	0.42352994917594211	0.01432613230322520	0.35648052774475653	0.02671090492104004	0.00000000000000000	0.05617460100999028	0.03002987731109804	0.02655446048130444	0.00000000000000000	0.48096854032475056	0.92934592565029850
HDBR676	0.03830445669974183	0.15627866853011613	0.01631902464507690	0.35120077860060916	0.14838287372111134	0.19667658688927456	0.02531329169350356	0.06135212760344121	0.00617219161712527	0.00000000000000000	0.79633734755088703	0.87891132827296470
HDBR677	0.09849033067996342	0.44493644968075663	0.00538651415112996	0.32719185330948225	0.03498228682916324	0.00000000000000000	0.03856998240906400	0.04855454445964449	0.00188803848079593	0.00000000000000000	0.62607388808667808	0.91701847796165714
HDBR678	0.05133418224689144	0.30918026918997132	0.00738977255464220	0.08591279978964786	0.03135622365958456	0.38323015958963702	0.02920705875207424	0.09843536776220828	0.00395416645534308	0.00000000000000000	0.82555201655094590	0.84244109321597604
HDBR691	0.07033588615448477	0.23915038802991775	0.01282606054671728	0.44967786889227429	0.06706294266750258	0.04496569469480022	0.01981336391211604	0.09289682120292396	0.00327097389926301	0.00000000000000000	0.81085005499556162	0.89309297415569888
HDBR692	0.14226620171347493	0.41032712074556571	0.04315457257097980	0.16272685120282612	0.00000000000000000	0.10447369530934500	0.03782444670154768	0.09510020182384568	0.00412690993241515	0.00000000000000000	0.67702530407744888	0.91603576667623887
HDBR696	0.03857473911643897	0.24877141770739339	0.00524327389807370	0.65621999667954256	0.00000000000000000	0.00321857877929340	0.01559407672469686	0.03146388932541298	0.00091402776914819	0.00000000000000000	0.80388129372433492	0.87720961663135721
HDBR698	0.04497692844423687	0.25186705526524067	0.01456977429682337	0.36747888447278276	0.12439682814680225	0.05990858437024130	0.02741155582953584	0.10392582375651667	0.00546456541782024	0.00000000000000000	0.81711029455305473	0.89093408188687129
HDBR700	0.05195014572144768	0.29392382992875832	0.00981229480384491	0.52961943391380761	0.00000000000000000	0.00377159701127662	0.04443520067933102	0.04374403630705642	0.02274346163447744	0.00000000000000000	0.72482711882122430	0.88687895903094116
HDBR741	0.07281109285192250	0.21492408052224590	0.00767673522216173	0.38120250199841182	0.08074615242287303	0.10086885478781657	0.01684782946596883	0.10886288167586811	0.01605987105273167	0.00000000000000000	0.72253299070019295	0.90273276062851227
HDBR756	0.09408382747139890	0.43530270487507783	0.01642451158087401	0.21149881938190015	0.05929215989190524	0.00982718631552781	0.06342067209990851	0.08046898985792487	0.02968112852548274	0.00000000000000000	0.60258966586682960	0.90529344365593256
HDBR757	0.12211695247789173	0.37255440267408774	0.00931264658574452	0.19883380711870222	0.13626836745627047	0.09606737430467284	0.01551284928580999	0.04743367286794725	0.00189992722887319	0.00000000000000000	0.60498028372497392	0.92281870382552955
HDBR758	0.09383708428759997	0.50920749351153105	0.00414983995620930	0.23170063601332394	0.07806845693554816	0.00000000000000000	0.02463804184724650	0.05588544585785604	0.00251300159068499	0.00000000000000000	0.68595008183659301	0.90619095123719406
HDBR821	0.05562740724751746	0.39609871216320974	0.00263965309717372	0.01365220529388795	0.00000000000000000	0.39607183694881215	0.03513610849122870	0.09571305658105318	0.00506102017711729	0.00000000000000000	0.66052671407119090	0.87786226420261237
HDBR825	0.07733795656647208	0.20852044272865058	0.05387795793467638	0.30536054336360546	0.11918903250433595	0.00494534344798531	0.02584420041085176	0.20244923814150920	0.00247528490191319	0.00000000000000000	0.52679025307128524	0.93840629348130522
HDBR828	0.02724259824067584	0.13232095601639091	0.00198844137370868	0.49618538330108752	0.08626800562969307	0.09986161144899496	0.02023863342443364	0.13589437056501535	0.00000000000000000	0.00000000000000000	0.80428336218328966	0.88728054799273148
HDBR832	0.19201542590240728	0.47318098497873606	0.01152071289556117	0.13615758901441549	0.04039715617875530	0.00000000000000000	0.03449431292778826	0.10703072504495974	0.00520309305737657	0.00000000000000000	0.73140320651610458	0.90306814661749035
HDBR857	0.05069654565045480	0.24053045513704241	0.00553947076969239	0.27670072562085130	0.01899605030095653	0.31375274859170499	0.02947940581482812	0.06280146966562956	0.00150312844884002	0.00000000000000000	0.77179435521911799	0.87292579597593412
HDBR858	0.05242624636197234	0.08432535622023191	0.01023828492887519	0.64379341205439178	0.02240073787927110	0.08590529658438269	0.02403590153834774	0.07486761389176173	0.00200715054076522	0.00000000000000000	0.84822725978076419	0.87665146951672013
HDBR872	0.05676063518287689	0.10977449898245308	0.00202563872221925	0.53991267909806617	0.08593561379461719	0.10245738607781925	0.01461923398428772	0.08847394782843374	0.00004036632922681	0.00000000000000000	0.85278073485593553	0.87756157759456221
HDBR873	0.04383039420923125	0.05540394039571123	0.01104889715791835	0.58599879995656468	0.08494786275347259	0.12022655357596095	0.02000976247447091	0.07739274983162980	0.00114103964504021	0.00000000000000000	0.83243544594802032	0.87689731599826948
HDBR874	0.04378476540179525	0.12807459970776866	0.00521842741116469	0.43787002261258801	0.11995958669104423	0.15371156573955030	0.01518609584913842	0.09085039210525334	0.00534454448169702	0.00000000000000000	0.81917871353057492	0.88023226824660827
HDBR892	0.06561452716343116	0.16097966824575760	0.01376202959835381	0.44209912367386373	0.13128143179759852	0.08595909528162010	0.01753708930171949	0.08054507999690755	0.00222195494074797	0.00000000000000000	0.80868575434679668	0.88954421588088783
HDBR908	0.04157382857850954	0.09246351142281058	0.02014072237284519	0.30049842452867442	0.17008606498667811	0.24801293812020278	0.02342311283880064	0.09049466533758516	0.01330673181389357	0.00000000000000000	0.81880841199980348	0.86128234393169534
HDBR909	0.04002603961671649	0.00000000000000000	0.12074238440457619	0.08182385517845743	0.00000000000000000	0.27432924185888363	0.19872308671913552	0.10489834131295216	0.17945705090927874	0.01000000000000001	0.23925781866273410	1.05101751608643124
HDBR910	0.08855259708193061	0.28218840056948902	0.00514168403757844	0.31306291260737390	0.10338325493241438	0.07677030593543734	0.02135363792069309	0.10708597124609671	0.00246123566898676	0.00000000000000000	0.81220635932393459	0.89436466374266921
HDBR911	0.08420360549207981	0.44649706721441768	0.01584042152745531	0.28688768414047916	0.02498988612737770	0.01298224666934072	0.04072733849764590	0.08104589909656376	0.00682585123463995	0.00000000000000000	0.48221579104119822	0.94020755594422700
HDBR912	0.04286184038297596	0.09130119920612365	0.00560009255185525	0.38073040611571052	0.14509051247660687	0.24097056818361554	0.01881198470485156	0.07188094074082832	0.00275245563743239	0.00000000000000000	0.84593344293059780	0.85991137025680719
HDBR913	0.03815221254729647	0.11769530199957601	0.00569441652277649	0.32733620758274040	0.19007902168031193	0.23662310190438671	0.01972351000749611	0.06145493011606910	0.00324129763934673	0.00000000000000000	0.84406301145977203	0.85822148622121430
HDBR914	0.03206040444209861	0.10107022411779625	0.00801744158057427	0.33661718574273142	0.16955368984869643	0.26412189691680621	0.01816609117068353	0.06663224178214459	0.00376082439846874	0.00000000000000000	0.84595249753706370	0.85361675619865229
HDBR915	0.04981232649357188	0.13748691770713542	0.02329121192356539	0.32946091445645304	0.16431203442660519	0.18489413924337730	0.02614805912820639	0.08102595122243023	0.00356844539865513	0.00000000000000000	0.82132694492535818	0.87674632324115354
HDBR916	0.04403074908373049	0.10740955467390374	0.01972459987192081	0.47049858378523302	0.12788321642309147	0.12261043581478895	0.01976061820000099	0.08133802472221169	0.00674421742511885	0.00000000000000000	0.81231020716003211	0.88374953576682436
HDBR917	0.05661475886491127	0.16957113796714163	0.01149346742551566	0.51566955165082218	0.09596092216676187	0.06910656802171908	0.01648262240777637	0.06225498622236993	0.00284598527298196	0.00000000000000000	0.84482072582747891	0.88178250815807502
HDBR918	0.04854770227070773	0.12770708992924673	0.00926211630551291	0.47736411976912563	0.12587479783410180	0.10828027111450257	0.01608311556755793	0.08524100348244563	0.00163978372679888	0.00000000000000000	0.85631587246299012	0.87755614448885833
HDBR920	0.09605126592941107	0.51918642241276236	0.01367101317682204	0.25293379357590856	0.00010289729827446	0.00000000000000000	0.04083156427411477	0.06195054004655316	0.01527250328615347	0.00000000000000000	0.55275259422462408	0.92335502153048710
HDBR922	0.07410759664959116	0.16868177135607040	0.01249485436052568	0.41401260652206179	0.12106566593068153	0.10253270102729869	0.02141318752042505	0.08284694217074939	0.00284467446259619	0.00000000000000000	0.82772254595798211	0.88733109685243527
HDBR923	0.05277847199803460	0.31431314639510055	0.02020704087777218	0.10826589264596813	0.06149848300406393	0.26339094301220728	0.03684264637109372	0.13550946569996095	0.00719390999579868	0.00000000000000000	0.82044071216874459	0.86793052138393323
HDBR924	0.06356932393723147	0.16186147160141523	0.00374636007029370	0.40701772674836512	0.12828742304760871	0.11929599897553032	0.02075327177462622	0.09497271027933750	0.00049571356559167	0.00000000000000000	0.84967669953494895	0.88086402157134736
HDBR925	0.07190241398011701	0.21501853425834633	0.01391629748184737	0.39902936137909412	0.09949577946376875	0.09368819154964363	0.02210275276839449	0.07984610081399851	0.00500056830478950	0.00000000000000000	0.83127785840930402	0.88879321186461591
HDBR926	0.05009624379410935	0.14638773592407475	0.00905955227940050	0.53256480290323460	0.11398774405033554	0.06300768293930037	0.01944729245523828	0.06249865189386488	0.00295029376044172	0.00000000000000000	0.83179770003943398	0.88169990801749043
HDBR930	0.04666360411884511	0.14786857079340401	0.02667834816129892	0.41535184807776176	0.09842314141052505	0.10475475607810536	0.04522302687100233	0.09369768341326080	0.02133902107579658	0.00000000000000000	0.72007812894618817	0.89405942066950483
HDBR931	0.07917742312666738	0.52224213200550262	0.00607924661709271	0.32892899366860529	0.00827674366434719	0.00000000000000000	0.02583758480821566	0.02810945337471261	0.00134842273485646	0.00000000000000000	0.47253504936035445	0.93833905316706523
HDBR937	0.06853482433509238	0.16894773515373626	0.00107380632609169	0.29852986896577416	0.16164433159196551	0.18148006126460681	0.02032727711117566	0.09505861295766030	0.00440348229389716	0.00000000000000000	0.84754624702472814	0.87207274638581012
HDBR938	0.06523904566374111	0.16968233206841371	0.01695711587137382	0.54067466169363843	0.09484364727684863	0.03974585179538617	0.02055578104324231	0.04991240736482562	0.00238915722253016	0.00000000000000000	0.81500529018717072	0.88626268915532314
HDBR939	0.07281002977421568	0.16551524479580637	0.01341750202744074	0.51203795768818006	0.09362616955181871	0.05973560519956330	0.02003249863536187	0.06081041628990497	0.00201457603770845	0.00000000000000000	0.82962789012317406	0.88590063146295606
HDBR940	0.05613677242769662	0.16892898711782420	0.00727301350128581	0.30689919519149805	0.14171229393110094	0.19139843515299917	0.02213638763724800	0.09663876585319187	0.00887614918715532	0.00000000000000000	0.78417357712847535	0.88254678302352640
HDBR943	0.05776328720902725	0.15073064139955192	0.01510810002960142	0.29804211196227148	0.19749270994319915	0.17842113263691031	0.02624927716136689	0.07280023914318100	0.00339250051489063	0.00000000000000000	0.82172579459116069	0.87497535972308182
HDBR945	0.06304335561488741	0.14685523133182596	0.01053736717324921	0.32414524570037379	0.16083081684986006	0.18259161219740833	0.02656361843552342	0.07936228139438896	0.00607047130248276	0.00000000000000000	0.84125226672328102	0.87276891326637573
HDBR946	0.06074950730689118	0.15262935131504274	0.00000000000000000	0.34026785533560228	0.16220525070582792	0.16919113936989702	0.01661688121276868	0.09250890094618357	0.00583111380778667	0.00000000000000000	0.83266332443119639	0.87522268232360290
HDBR948	0.06121811156861304	0.16874280631459443	0.01154853533060421	0.37642258853214972	0.13974623068147529	0.13046177650515001	0.01770442418553336	0.09079443369535496	0.00336109318652472	0.00000000000000000	0.80446952789312742	0.88775308292159794
HDBR949	0.07686987384107831	0.16009215984999448	0.03008086133032006	0.29494510920719463	0.13192891440884968	0.10037536939863112	0.04774000440193255	0.12952061368985807	0.02844709387214127	0.00000000000000000	0.67553071144080867	0.89686528248202924
HDBR952	0.04244216509017899	0.12419604895282715	0.01579364395157757	0.32546871613187800	0.16455013996728737	0.21717594050099584	0.02153173845732606	0.08271269417340392	0.00612891277452516	0.00000000000000000	0.82232790189021088	0.86952350612588514
HDBR953	0.07342427527626803	0.15655900451108287	0.01232593032124227	0.28411668572386900	0.16532287477062474	0.18475381634960439	0.02365407554755157	0.08598637737573817	0.01385696012401871	0.00000000000000000	0.79968429395902774	0.87785788144096255
HDBR954	0.04932303261500711	0.12845562993037710	0.01104110588867062	0.40887148597595080	0.13743860368190092	0.15749383501628267	0.02547826199836400	0.07893457497656724	0.00296346991687957	0.00000000000000000	0.82587157000977318	0.87918968305109357
HDBR955	0.05313053624690672	0.14735598738808176	0.00145083369797622	0.33322733368610208	0.15294996882519676	0.19496629435360993	0.01398801338378955	0.10111289903862218	0.00181813337971463	0.00000000000000000	0.84584022590614316	0.86963172078313489
HDBR956	0.04223635075374715	0.13852676716613796	0.01243521012669222	0.34747822062909117	0.14873534169472072	0.22097744946236494	0.01772825467458092	0.06821818269340767	0.00366422279925734	0.00000000000000000	0.81938670182315465	0.87066515580412640
HDBR957	0.05538094139168978	0.17896410927279169	0.01028886764783351	0.32309467239011069	0.12031822890985325	0.19107747217399235	0.02742440742690740	0.08849211859495879	0.00495918219186258	0.00000000000000000	0.85302297792272719	0.87310407874775375
HDBR965	0.04818997097429584	0.13060993344187100	0.01283722232398124	0.29635158318578891	0.19290336097131563	0.21494725908834000	0.02148498998603178	0.07481695736765255	0.00785872266072293	0.00000000000000000	0.82983330718709158	0.86588584730752083
HDBR969	0.06007073843745935	0.17592808988166386	0.01449300043320773	0.36519751971346259	0.13531356099228167	0.13084649396603443	0.02266679651891251	0.09005296333981769	0.00543083671716014	0.00000000000000000	0.81218320944253930	0.88700204438612429
